0
DAT
LOC	1	0.018	2	1	4	1.007	5	0.135	15	0.135	23	0.05	27	2.135	45	0.007	46	0.135	49	2
ACT
ORG
TER
PAG
SEN	0	14

1
DAT
LOC	0	0.018	4	0.018	5	2.503	6	0.05	7	0.05	8	0.05	9	0.018	10	0.018	11	0.018	12	0.172	13	0.007	27	0.05	33	0.018	49	0.05	53	0.007	61	0.018	79	0.007	80	0.05	81	0.135	82	0.135	96	1	97	0.05	112	0.05
ACT
ORG
TER
PAG
SEN	0	1	1	1	6	1	35	1	47	1	94	1	102	1	119	1

2
DAT
LOC	0	1	3	0.018	4	1.702	5	1	12	0.566	15	1.352	17	0.007	19	0.018	20	1	21	0.018	23	0.235	26	0.272	27	2.339	33	1.013	37	1.368	42	0.368	46	0.443	49	1.381	50	1.425	51	0.135	53	0.503	54	0.007	55	1	59	1	60	0.05	69	0.135	70	0.368	75	0.05	76	0.018	91	0.135	103	0.05	106	0.368	107	0.368	108	0.368	113	0.1	114	0.1	115	0.1	116	0.1	117	1.05	118	0.05	133	0.037	134	0.013	147	0.007	148	0.018	149	0.135	153	0.386	155	0.05	158	0.018	162	0.018	163	0.007	164	0.05
ACT
ORG
TER
PAG
SEN	0	14	1	1	2	1	6	1	7	2	13	1	16	1	17	1	19	1	23	1	24	1	35	1	36	5	37	2	38	1	42	2	43	1	45	1	46	1	47	3	50	1	51	1	54	3	55	1	58	1	59	1	61	4	63	1	68	1	69	1	70	1	71	1	85	1	101	1	105	1	118	1

3
DAT
LOC	2	0.018	4	0.135	18	0.736	22	0.007	47	1.503	48	0.05	57	0.05	72	0.368	73	0.368	74	0.018	93	0.057
ACT
ORG
TER
PAG
SEN	3	1	47	1	56	1	121	1

4
DAT
LOC	0	1.007	1	0.018	2	1.702	3	0.135	5	4.914	7	0.368	12	3.603	13	0.375	15	2.172	17	0.007	18	0.018	19	0.135	20	0.135	21	0.018	22	0.418	23	0.228	24	0.375	25	0.135	27	1.057	30	1	53	2.736	56	0.068	59	1.368	60	0.135	61	1.018	68	0.05	69	0.068	75	0.018	92	0.057	96	0.018	97	0.368	100	1.018	101	0.368	110	0.018	121	0.018	134	1
ACT
ORG
TER
PAG
SEN	0	3	4	2	8	1	16	2	19	1	21	1	22	1	26	1	27	1	34	1	37	1	41	2	49	2	50	1	56	1	57	1	59	1	61	1	62	2	67	1	69	1	87	1

5
DAT
LOC	0	0.135	1	2.503	2	1	4	4.914	6	0.142	7	0.142	8	0.142	9	0.05	10	0.185	11	0.05	12	1.673	13	1.411	15	3.018	20	0.05	22	0.135	23	0.018	24	0.436	25	0.135	26	0.018	27	4.876	30	0.368	33	0.018	37	1.025	38	0.007	46	1.025	49	0.05	52	0.075	53	0.368	59	2.368	60	0.05	77	0.007	78	0.368	79	0.142	80	0.068	81	0.135	82	0.135	92	0.057	100	0.553	101	1.007	108	0.135	112	0.05	156	0.05	157	0.135	164	0.007
ACT
ORG
TER
PAG
SEN	0	3	2	1	3	1	5	1	7	1	19	2	21	1	30	1	33	1	36	1	43	1	48	1	49	3	50	1	54	1	59	1	62	1	63	2	64	1	68	2	73	1	102	1

6
DAT
LOC	1	0.05	5	0.142	7	1	8	1	9	0.368	10	0.368	11	0.368	12	0.368	13	0.135	14	0.018	15	0.007	16	0.007
ACT
ORG
TER
PAG
SEN	8	1

7
DAT
LOC	1	0.05	4	0.368	5	0.142	6	1	8	1	9	0.368	10	0.368	11	0.368	12	0.368	13	0.135	14	0.018	15	0.007	16	0.007	23	0.05	68	0.135	121	0.05
ACT
ORG
TER
PAG
SEN	8	1	58	1

8
DAT
LOC	1	0.05	5	0.142	6	1	7	1	9	0.368	10	0.368	11	0.368	12	0.368	13	0.135	14	0.018	15	0.007	16	0.007
ACT
ORG
TER
PAG
SEN	8	1

9
DAT
LOC	1	0.018	5	0.05	6	0.368	7	0.368	8	0.368	10	1	11	1	12	1	13	0.368	14	0.05	15	0.018	16	0.018
ACT
ORG
TER
PAG
SEN	9	1

10
DAT
LOC	1	0.018	5	0.185	6	0.368	7	0.368	8	0.368	9	1	11	1	12	1	13	0.368	14	0.05	15	0.018	16	0.018	76	0.007	77	0.05	78	0.05	79	0.018
ACT
ORG
TER
PAG
SEN	9	1	100	1

11
DAT
LOC	1	0.018	5	0.05	6	0.368	7	0.368	8	0.368	9	1	10	1	12	1	13	0.368	14	0.05	15	0.018	16	0.018
ACT
ORG
TER
PAG
SEN	9	1

12
DAT
LOC	1	0.172	2	0.566	4	3.603	5	1.673	6	0.368	7	0.368	8	0.368	9	1	10	1	11	1	13	0.368	14	0.05	15	1.172	16	0.018	23	0.018	24	0.007	27	0.142	31	0.503	37	0.386	48	0.393	49	0.007	53	0.571	58	0.135	59	0.835	60	0.142	61	1	69	0.007	78	0.018	79	0.05	80	0.368	81	0.018	82	0.018	96	0.018	97	0.368	131	0.018	140	0.018	141	0.368	142	0.068	164	0.135
ACT
ORG
TER
PAG
SEN	0	1	1	1	3	1	6	1	9	1	36	3	41	1	47	1	49	1	50	1	52	1	56	1	60	1	68	1	69	1	82	1	101	1

13
DAT
LOC	1	0.007	4	0.375	5	1.411	6	0.135	7	0.135	8	0.135	9	0.368	10	0.368	11	0.368	12	0.368	14	0.135	15	0.05	16	0.05	17	0.007	22	0.135	24	1.018	30	0.375	100	0.792	101	1.018
ACT
ORG
TER
PAG
SEN	10	1	68	1	107	1

14
DAT
LOC	6	0.018	7	0.018	8	0.018	9	0.05	10	0.05	11	0.05	12	0.05	13	0.135	15	0.368	16	0.368	17	0.05	18	0.018	30	0.368
ACT
ORG
TER
PAG
SEN	11	1	62	1

15
DAT
LOC	0	0.135	2	1.352	4	2.172	5	3.018	6	0.007	7	0.007	8	0.007	9	0.018	10	0.018	11	0.018	12	1.172	13	0.05	14	0.368	16	1	17	0.135	18	0.05	19	0.007	20	0.05	24	0.05	25	0.503	27	0.792	33	0.086	37	1.043	45	0.05	48	0.025	50	0.253	53	1.368	56	0.1	57	0.51	58	0.368	59	1.368	60	0.018	74	1.368	107	0.025	108	0.025	137	0.185	138	0.142	139	0.142	140	0.068	141	1	142	0.025	143	0.135	144	1	145	0.368	146	0.368	147	0.05	148	0.018	151	0.135	152	0.135
ACT
ORG
TER
PAG
SEN	0	2	1	1	12	2	18	1	21	1	30	1	35	2	36	1	38	1	43	1	48	1	60	3	63	1	64	1	69	1	98	1	110	1

16
DAT
LOC	6	0.007	7	0.007	8	0.007	9	0.018	10	0.018	11	0.018	12	0.018	13	0.05	14	0.368	15	1	17	0.135	18	0.05	19	0.007
ACT
ORG
TER
PAG
SEN	12	1

17
DAT
LOC	2	0.007	4	0.007	13	0.007	14	0.05	15	0.135	16	0.135	18	0.368	19	0.05	48	0.068	53	0.368	131	0.018
ACT
ORG
TER
PAG
SEN	13	1	48	1

18
DAT
LOC	3	0.736	4	0.018	14	0.018	15	0.05	16	0.05	17	0.368	19	0.135	48	0.018	57	0.154	72	1.135	73	1.135	74	0.057	106	0.135
ACT
ORG
TER
PAG
SEN	0	1	14	2	15	1	36	1	57	1	81	1

19
DAT
LOC	2	0.018	4	0.135	15	0.007	16	0.007	17	0.05	18	0.135	20	0.018
ACT
ORG
TER
PAG
SEN	15	1	56	1

20
DAT
LOC	2	1	4	0.135	5	0.05	15	0.05	19	0.018	21	0.018	25	0.007
ACT
ORG
TER
PAG
SEN	17	1	31	1

21
DAT
LOC	2	0.018	4	0.018	20	0.018
ACT
ORG
TER
PAG
SEN	18	1	38	1

22
DAT
LOC	3	0.007	4	0.418	5	0.135	13	0.135	30	0.368	32	0.018	47	0.025	53	0.135	56	0.025	61	0.503	100	0.375	101	0.135
ACT
ORG
TER
PAG
SEN	14	1	20	1	37	1	44	1	55	1	70	1	88	1	90	1	91	1	92	1	95	1	99	1

23
DAT
LOC	0	0.05	2	0.235	4	0.228	5	0.018	7	0.05	12	0.018	68	0.007	120	0.007
ACT
ORG
TER
PAG
SEN	0	1	25	1	45	1	56	1	60	1	86	1

24
DAT
LOC	4	0.375	5	0.436	12	0.007	13	1.018	15	0.05	25	0.368	30	0.007	53	0.135	100	0.375	101	0.018
ACT
ORG
TER
PAG
SEN	1	1	28	1	32	1	107	1

25
DAT
LOC	4	0.135	5	0.135	15	0.503	20	0.007	24	0.368	27	1	151	0.368	152	0.368
ACT
ORG
TER
PAG
SEN	29	1	73	1

26
DAT
LOC	2	0.272	5	0.018	50	0.135	70	0.1	108	0.135	155	1	156	0.368	157	0.135
ACT
ORG
TER
PAG
SEN	35	1	36	1	43	1	48	1	73	1

27
DAT
LOC	0	2.135	1	0.05	2	2.339	4	1.057	5	4.876	12	0.142	15	0.792	25	1	31	1	32	0.05	33	1.528	46	1.289	49	7.553	50	0.05	51	0.977	52	0.018	53	0.05	54	0.018	55	0.368	81	0.368	82	0.368	92	0.057	93	0.135	94	0.135	107	0.135	151	0.368	152	0.368	153	1.05	158	0.05
ACT
ORG
TER
PAG
SEN	0	17	1	1	10	1	36	1	41	1	46	1	47	3	49	1	58	1	59	2	61	1	62	1	65	1	66	2	67	2	69	1	70	1	72	1	73	1	98	1	117	1

28
DAT
LOC	67	0.135
ACT
ORG
TER
PAG
SEN	36	1	47	1	52	1	62	1	107	1

29
DAT
LOC
ACT
ORG
TER
PAG
SEN	39	1

30
DAT
LOC	4	1	5	0.368	13	0.375	14	0.368	22	0.368	24	0.007	100	1.018	101	0.368
ACT
ORG
TER
PAG
SEN	37	1	40	1	59	1	69	1

31
DAT
LOC	12	0.503	27	1	32	0.135	33	0.007	46	0.736	51	0.007	53	0.007	64	0.368
ACT
ORG
TER
PAG
SEN	0	5

32
DAT
LOC	22	0.018	27	0.05	31	0.135	33	0.371	34	0.007	35	0.007	46	0.154	49	0.05	51	0.007	81	0.018	82	0.018	83	0.142	84	0.025	85	1	86	0.135	87	0.05
ACT
ORG
TER
PAG
SEN	12	1	14	1	36	1	48	1	104	1

33
DAT
LOC	1	0.018	2	1.013	5	0.018	15	0.086	27	1.528	31	0.007	32	0.371	34	0.639	35	0.639	37	0.018	46	1.296	49	4.619	50	2	51	0.939	53	0.368	54	1.135	55	0.375	65	0.135	66	1	81	0.135	82	0.135	83	1	84	0.05	85	0.018	86	0.154	87	1.424	88	0.154	95	0.018	153	0.154	158	0.424	159	0.185	160	0.386	161	1.007
ACT
ORG
TER
PAG
SEN	0	3	1	1	2	1	5	2	7	1	10	1	13	1	15	1	28	1	41	1	42	1	43	1	44	1	45	1	46	2	48	1	49	2	52	1	56	1	66	1	67	1	70	1	98	1	100	1	107	1

34
DAT
LOC	32	0.007	33	0.639	35	1
ACT
ORG
TER
PAG
SEN	1	1

35
DAT
LOC	32	0.007	33	0.639	34	1
ACT
ORG
TER
PAG
SEN	1	1

36
DAT
LOC	49	0.185	89	0.007	90	0.018
ACT
ORG
TER
PAG
SEN	42	1	47	1	54	1	110	1

37
DAT
LOC	2	1.368	5	1.025	12	0.386	15	1.043	33	0.018	38	0.368	39	0.135	48	0.185	56	0.185	57	0.418	58	0.135	59	1	60	0.05	65	0.135	66	0.018	68	0.135	106	0.135	107	1	108	1	110	0.135	120	0.018	142	0.185	143	0.386
ACT
ORG
TER
PAG
SEN	5	1	8	1	12	1	36	1	42	1	43	1	50	1	60	1	65	1	68	1	80	1

38
DAT
LOC	5	0.007	37	0.368	39	0.368
ACT
ORG
TER
PAG
SEN	51	1

39
DAT
LOC	37	0.135	38	0.368
ACT
ORG
TER
PAG
SEN	52	1

40
DAT
LOC
ACT
ORG
TER
PAG
SEN	0	4

41
DAT
LOC	42	0.018
ACT
ORG
TER
PAG
SEN	48	1

42
DAT
LOC	2	0.368	41	0.018	43	0.05	49	0.018	130	0.368
ACT
ORG
TER
PAG
SEN	37	1	47	1	48	1

43
DAT
LOC	42	0.05
ACT
ORG
TER
PAG
SEN	52	1

44
DAT
LOC	45	0.368
ACT
ORG
TER
PAG
SEN	53	1

45
DAT
LOC	0	0.007	15	0.05	44	0.368	49	1.136	89	0.368	90	0.135
ACT
ORG
TER
PAG
SEN	2	1	41	1	42	1	45	1	54	1	71	1

46
DAT
LOC	0	0.135	2	0.443	5	1.025	27	1.289	31	0.736	32	0.154	33	1.296	49	0.068	51	0.585	52	0.018	64	2	83	0.007	84	0.135	85	0.154	86	0.154	87	0.381	88	1.018	153	0.368
ACT
ORG
TER
PAG
SEN	0	3	13	1	22	1	35	1	36	2	44	1	45	1	47	3	48	1	52	1	60	1	61	2	65	1	66	1	103	1	108	1

47
DAT
LOC	3	1.503	22	0.025	48	0.436
ACT
ORG
TER
PAG
SEN	55	1	56	1	57	1

48
DAT
LOC	3	0.05	12	0.393	15	0.025	17	0.068	18	0.018	37	0.185	47	0.436	53	0.203	58	0.368	59	0.068	68	0.018	74	0.018	106	0.135	121	0.007	131	1.368	154	0.375
ACT
ORG
TER
PAG
SEN	1	1	4	1	16	1	35	1	41	1	42	1	52	1	58	1	62	1

49
DAT
LOC	0	2	1	0.05	2	1.381	5	0.05	12	0.007	27	7.553	32	0.05	33	4.619	36	0.185	42	0.018	45	1.136	46	0.068	51	1.178	54	1.486	55	1.013	81	0.368	82	0.368	87	1	88	0.068	89	0.578	90	1.063	122	0.135	123	1.038	124	0.375	129	0.135	130	0.05	153	1.896	158	0.83	159	0.05	160	0.018	161	0.007
ACT
ORG
TER
PAG
SEN	0	6	10	1	11	1	12	1	35	1	36	2	37	2	42	3	47	2	49	1	52	1	54	1	55	1	58	1	59	1	61	1	62	1	63	1	64	2	66	1	69	1	70	1	71	1	72	1	78	1	79	1	99	1	100	1	109	1

50
DAT
LOC	2	1.425	15	0.253	26	0.135	27	0.05	33	2	107	0.007
ACT
ORG
TER
PAG
SEN	0	3	8	1	35	1	47	1	60	2

51
DAT
LOC	2	0.135	27	0.977	31	0.007	32	0.007	33	0.939	46	0.585	49	1.178	85	0.007	86	0.05	87	0.135	88	0.05	93	1.018	94	1.018
ACT
ORG
TER
PAG
SEN	3	1	19	1	35	1	36	3	41	2	43	1	75	1	98	1

52
DAT
LOC	5	0.075	27	0.018	46	0.018
ACT
ORG
TER
PAG
SEN	42	1

53
DAT
LOC	1	0.007	2	0.503	4	2.736	5	0.368	12	0.571	15	1.368	17	0.368	22	0.135	24	0.135	27	0.05	31	0.007	33	0.368	48	0.203	69	0.068	74	1	109	0.368	131	0.05	137	0.05
ACT
ORG
TER
PAG
SEN	3	1	7	1	8	1	41	1	43	2	56	1	61	2	62	1	80	1	93	1	96	1	103	1

54
DAT
LOC	2	0.007	27	0.018	33	1.135	49	1.486	55	0.007	153	0.018	158	0.368
ACT
ORG
TER
PAG
SEN	52	1	74	1

55
DAT
LOC	2	1	27	0.368	33	0.375	49	1.013	54	0.007	153	0.368	158	0.018
ACT
ORG
TER
PAG
SEN	61	1	76	1	77	1

56
DAT
LOC	4	0.068	15	0.1	22	0.025	37	0.185	57	0.018	58	0.018	60	0.368	110	1.375	111	0.375	143	0.007	144	0.05	145	0.018	146	0.018
ACT
ORG
TER
PAG
SEN	7	1	10	1	11	1	14	1	103	1

57
DAT
LOC	3	0.05	15	0.51	18	0.154	37	0.418	56	0.018	58	0.007	72	0.135	73	0.135	74	0.368	138	1	139	1	140	0.135	141	0.007
ACT
ORG
TER
PAG
SEN	35	1	58	1	80	1

58
DAT
LOC	12	0.135	15	0.368	37	0.135	48	0.368	56	0.018	57	0.007	60	0.007	143	0.368	144	0.368	145	1	146	1	147	0.135	148	0.05	149	0.007
ACT
ORG
TER
PAG
SEN	81	1	105	1

59
DAT
LOC	2	1	4	1.368	5	2.368	12	0.835	15	1.368	37	1	48	0.068	60	0.05	131	0.05
ACT
ORG
TER
PAG
SEN	0	1	47	1	60	1	68	1

60
DAT
LOC	2	0.05	4	0.135	5	0.05	12	0.142	15	0.018	37	0.05	56	0.368	58	0.007	59	0.05	144	0.018	145	0.007	146	0.007
ACT
ORG
TER
PAG
SEN	17	1	83	1	84	1

61
DAT
LOC	1	0.018	4	1.018	12	1	22	0.503	96	0.018	97	0.368
ACT
ORG
TER
PAG
SEN	41	1	89	1

62
DAT
LOC	63	0.368
ACT
ORG
TER
PAG
SEN	97	1

63
DAT
LOC	62	0.368
ACT
ORG
TER
PAG
SEN	78	1

64
DAT
LOC	31	0.368	46	2
ACT
ORG
TER
PAG
SEN	47	1	114	1

65
DAT
LOC	33	0.135	37	0.135	66	0.135
ACT
ORG
TER
PAG
SEN	98	1

66
DAT
LOC	33	1	37	0.018	65	0.135
ACT
ORG
TER
PAG
SEN	48	1

67
DAT
LOC	28	0.135
ACT
ORG
TER
PAG
SEN	56	1

68
DAT
LOC	4	0.05	7	0.135	23	0.007	37	0.135	48	0.018	121	0.368
ACT
ORG
TER
PAG
SEN	0	1	2	1

69
DAT
LOC	2	0.135	4	0.068	12	0.007	53	0.068
ACT
ORG
TER
PAG
SEN	51	1

70
DAT
LOC	2	0.368	26	0.1	155	0.05
ACT
ORG
TER
PAG
SEN	49	1	61	1	62	1

71
DAT
LOC
ACT
ORG
TER
PAG
SEN	49	1

72
DAT
LOC	3	0.368	18	1.135	57	0.135	73	1	74	0.05
ACT
ORG
TER
PAG
SEN	36	1

73
DAT
LOC	3	0.368	18	1.135	57	0.135	72	1	74	0.05
ACT
ORG
TER
PAG
SEN	36	1

74
DAT
LOC	3	0.018	15	1.368	18	0.057	48	0.018	53	1	57	0.368	72	0.05	73	0.05	137	0.05
ACT
ORG
TER
PAG
SEN	41	1	43	1

75
DAT
LOC	2	0.05	4	0.018
ACT
ORG
TER
PAG
SEN	52	1

76
DAT
LOC	2	0.018	10	0.007	77	0.135
ACT
ORG
TER
PAG
SEN	2	1

77
DAT
LOC	5	0.007	10	0.05	76	0.135
ACT
ORG
TER
PAG
SEN	99	1

78
DAT
LOC	5	0.368	10	0.05	12	0.018	79	0.368	80	0.05
ACT
ORG
TER
PAG
SEN	44	1

79
DAT
LOC	1	0.007	5	0.142	10	0.018	12	0.05	78	0.368	80	0.135
ACT
ORG
TER
PAG
SEN	101	1

80
DAT
LOC	1	0.05	5	0.068	12	0.368	78	0.05	79	0.135	81	0.007	82	0.007
ACT
ORG
TER
PAG
SEN	45	1

81
DAT
LOC	1	0.135	5	0.135	12	0.018	27	0.368	32	0.018	33	0.135	49	0.368	80	0.007	82	1
ACT
ORG
TER
PAG
SEN	9	1

82
DAT
LOC	1	0.135	5	0.135	12	0.018	27	0.368	32	0.018	33	0.135	49	0.368	80	0.007	81	1
ACT
ORG
TER
PAG
SEN	9	1

83
DAT
LOC	32	0.142	33	1	46	0.007	84	0.05
ACT
ORG
TER
PAG
SEN	15	1

84
DAT
LOC	32	0.025	33	0.05	46	0.135	83	0.05	85	0.018
ACT
ORG
TER
PAG
SEN	82	1

85
DAT
LOC	32	1	33	0.018	46	0.154	51	0.007	84	0.018	86	0.135	87	0.05
ACT
ORG
TER
PAG
SEN	104	1

86
DAT
LOC	32	0.135	33	0.154	46	0.154	51	0.05	85	0.135	87	0.368
ACT
ORG
TER
PAG
SEN	105	1

87
DAT
LOC	32	0.05	33	1.424	46	0.381	49	1	51	0.135	85	0.05	86	0.368	88	0.007	159	0.05	160	0.018	161	0.007
ACT
ORG
TER
PAG
SEN	100	1	106	1

88
DAT
LOC	33	0.154	46	1.018	49	0.068	51	0.05	87	0.007
ACT
ORG
TER
PAG
SEN	108	1

89
DAT
LOC	36	0.007	45	0.368	49	0.578	90	0.368
ACT
ORG
TER
PAG
SEN	84	1

90
DAT
LOC	36	0.018	45	0.135	49	1.063	89	0.368
ACT
ORG
TER
PAG
SEN	20	1	41	1	48	1

91
DAT
LOC	2	0.135
ACT
ORG
TER
PAG
SEN	12	1

92
DAT
LOC	4	0.057	5	0.057	27	0.057
ACT
ORG
TER
PAG
SEN	0	1	37	1	42	1

93
DAT
LOC	3	0.057	27	0.135	51	1.018	94	1	108	0.368
ACT
ORG
TER
PAG
SEN	43	1	87	1	117	1

94
DAT
LOC	27	0.135	51	1.018	93	1
ACT
ORG
TER
PAG
SEN	43	1

95
DAT
LOC	33	0.018
ACT
ORG
TER
PAG
SEN	49	1

96
DAT
LOC	1	1	4	0.018	12	0.018	61	0.018	97	0.05
ACT
ORG
TER
PAG
SEN	47	1

97
DAT
LOC	1	0.05	4	0.368	12	0.368	61	0.368	96	0.05
ACT
ORG
TER
PAG
SEN	35	1

98
DAT
LOC	99	0.368
ACT
ORG
TER
PAG
SEN	5	1

99
DAT
LOC	98	0.368
ACT
ORG
TER
PAG
SEN	45	1

100
DAT
LOC	4	1.018	5	0.553	13	0.792	22	0.375	24	0.375	30	1.018	101	0.418
ACT
ORG
TER
PAG
SEN	67	1	69	1

101
DAT
LOC	4	0.368	5	1.007	13	1.018	22	0.135	24	0.018	30	0.368	100	0.418
ACT
ORG
TER
PAG
SEN	68	1

102
DAT
LOC
ACT
ORG
TER
PAG
SEN	111	1

103
DAT
LOC	2	0.05	104	0.007
ACT
ORG
TER
PAG
SEN	3	1	5	1	11	1	35	1	44	1	53	1	112	1	113	1

104
DAT
LOC	103	0.007
ACT
ORG
TER
PAG
SEN	2	1	111	1

105
DAT
LOC
ACT
ORG
TER
PAG
SEN	86	1

106
DAT
LOC	2	0.368	18	0.135	37	0.135	48	0.135	107	0.135	108	0.135
ACT
ORG
TER
PAG
SEN	47	1	56	1

107
DAT
LOC	2	0.368	15	0.025	27	0.135	37	1	50	0.007	106	0.135	108	1	126	0.05
ACT
ORG
TER
PAG
SEN	12	1	35	1	60	1	68	1	115	1

108
DAT
LOC	2	0.368	5	0.135	15	0.025	26	0.135	37	1	93	0.368	106	0.135	107	1	156	0.368	157	1
ACT
ORG
TER
PAG
SEN	60	1	120	1	122	1

109
DAT
LOC	53	0.368
ACT
ORG
TER
PAG
SEN	62	1

110
DAT
LOC	4	0.018	37	0.135	56	1.375	111	1
ACT
ORG
TER
PAG
SEN	14	1	102	1

111
DAT
LOC	56	0.375	110	1
ACT
ORG
TER
PAG
SEN	102	1

112
DAT
LOC	1	0.05	5	0.05
ACT
ORG
TER
PAG
SEN	4	1	60	1	66	1

113
DAT
LOC	2	0.1	114	1	115	1	116	1
ACT
ORG
TER
PAG
SEN	60	1

114
DAT
LOC	2	0.1	113	1	115	1	116	1
ACT
ORG
TER
PAG
SEN	60	1

115
DAT
LOC	2	0.1	113	1	114	1	116	1
ACT
ORG
TER
PAG
SEN	60	1

116
DAT
LOC	2	0.1	113	1	114	1	115	1
ACT
ORG
TER
PAG
SEN	60	1

117
DAT
LOC	2	1.05
ACT
ORG
TER
PAG
SEN	43	1

118
DAT
LOC	2	0.05
ACT
ORG
TER
PAG
SEN	50	1

119
DAT
LOC
ACT
ORG
TER
PAG
SEN	46	1

120
DAT
LOC	23	0.007	37	0.018
ACT
ORG
TER
PAG
SEN	41	1

121
DAT
LOC	4	0.018	7	0.05	48	0.007	68	0.368
ACT
ORG
TER
PAG
SEN	59	1

122
DAT
LOC	49	0.135	123	0.386	124	0.05
ACT
ORG
TER
PAG
SEN	55	1

123
DAT
LOC	49	1.038	122	0.386	124	0.522
ACT
ORG
TER
PAG
SEN	56	1	58	1	59	1

124
DAT
LOC	49	0.375	122	0.05	123	0.522
ACT
ORG
TER
PAG
SEN	57	1

125
DAT
LOC
ACT
ORG
TER
PAG
SEN	6	1

126
DAT
LOC	107	0.05
ACT
ORG
TER
PAG
SEN	0	1	47	1

127
DAT
LOC
ACT
ORG
TER
PAG
SEN	17	1

128
DAT
LOC	129	0.018
ACT
ORG
TER
PAG
SEN	0	1

129
DAT
LOC	49	0.135	128	0.018	130	0.007
ACT
ORG
TER
PAG
SEN	35	1

130
DAT
LOC	42	0.368	49	0.05	129	0.007
ACT
ORG
TER
PAG
SEN	43	1

131
DAT
LOC	12	0.018	17	0.018	48	1.368	53	0.05	59	0.05	132	0.368
ACT
ORG
TER
PAG
SEN	42	1	50	1

132
DAT
LOC	131	0.368
ACT
ORG
TER
PAG
SEN	37	1

133
DAT
LOC	2	0.037	134	0.503	135	0.368
ACT
ORG
TER
PAG
SEN	35	1	63	1

134
DAT
LOC	2	0.013	4	1	133	0.503	135	0.368
ACT
ORG
TER
PAG
SEN	8	1	41	1	55	1

135
DAT
LOC	133	0.368	134	0.368
ACT
ORG
TER
PAG
SEN	56	1

136
DAT
LOC
ACT
ORG
TER
PAG
SEN	64	1

137
DAT
LOC	15	0.185	53	0.05	74	0.05
ACT
ORG
TER
PAG
SEN	61	1

138
DAT
LOC	15	0.142	57	1	139	1	140	0.135	141	0.007
ACT
ORG
TER
PAG
SEN	58	1

139
DAT
LOC	15	0.142	57	1	138	1	140	0.135	141	0.007
ACT
ORG
TER
PAG
SEN	58	1

140
DAT
LOC	12	0.018	15	0.068	57	0.135	138	0.135	139	0.135	141	0.05
ACT
ORG
TER
PAG
SEN	2	1

141
DAT
LOC	12	0.368	15	1	57	0.007	138	0.007	139	0.007	140	0.05	142	0.025
ACT
ORG
TER
PAG
SEN	64	1

142
DAT
LOC	12	0.068	15	0.025	37	0.185	141	0.025
ACT
ORG
TER
PAG
SEN	44	1	54	1

143
DAT
LOC	15	0.135	37	0.386	56	0.007	58	0.368	144	0.135	145	0.368	146	0.368	147	0.368	148	0.135	149	0.018
ACT
ORG
TER
PAG
SEN	102	1	106	1

144
DAT
LOC	15	1	56	0.05	58	0.368	60	0.018	143	0.135	145	0.368	146	0.368	147	0.05	148	0.018
ACT
ORG
TER
PAG
SEN	18	1

145
DAT
LOC	15	0.368	56	0.018	58	1	60	0.007	143	0.368	144	0.368	146	1	147	0.135	148	0.05	149	0.007
ACT
ORG
TER
PAG
SEN	105	1

146
DAT
LOC	15	0.368	56	0.018	58	1	60	0.007	143	0.368	144	0.368	145	1	147	0.135	148	0.05	149	0.007
ACT
ORG
TER
PAG
SEN	105	1

147
DAT
LOC	2	0.007	15	0.05	58	0.135	143	0.368	144	0.05	145	0.135	146	0.135	148	0.368	149	0.05
ACT
ORG
TER
PAG
SEN	66	1

148
DAT
LOC	2	0.018	15	0.018	58	0.05	143	0.135	144	0.018	145	0.05	146	0.05	147	0.368	149	0.135
ACT
ORG
TER
PAG
SEN	19	1

149
DAT
LOC	2	0.135	58	0.007	143	0.018	145	0.007	146	0.007	147	0.05	148	0.135
ACT
ORG
TER
PAG
SEN	67	1

150
DAT
LOC
ACT
ORG
TER
PAG
SEN	45	1

151
DAT
LOC	15	0.135	25	0.368	27	0.368	152	1
ACT
ORG
TER
PAG
SEN	39	1

152
DAT
LOC	15	0.135	25	0.368	27	0.368	151	1
ACT
ORG
TER
PAG
SEN	39	1

153
DAT
LOC	2	0.386	27	1.05	33	0.154	46	0.368	49	1.896	54	0.018	55	0.368	158	0.05
ACT
ORG
TER
PAG
SEN	62	1	116	1

154
DAT
LOC	48	0.375
ACT
ORG
TER
PAG
SEN	61	1

155
DAT
LOC	2	0.05	26	1	70	0.05
ACT
ORG
TER
PAG
SEN	48	1

156
DAT
LOC	5	0.05	26	0.368	108	0.368	157	0.368
ACT
ORG
TER
PAG
SEN	39	1

157
DAT
LOC	5	0.135	26	0.135	108	1	156	0.368
ACT
ORG
TER
PAG
SEN	120	1

158
DAT
LOC	2	0.018	27	0.05	33	0.424	49	0.83	54	0.368	55	0.018	153	0.05
ACT
ORG
TER
PAG
SEN	51	1

159
DAT
LOC	33	0.185	49	0.05	87	0.05	160	0.368	161	0.135
ACT
ORG
TER
PAG
SEN	44	1

160
DAT
LOC	33	0.386	49	0.018	87	0.018	159	0.368	161	0.368
ACT
ORG
TER
PAG
SEN	101	1

161
DAT
LOC	33	1.007	49	0.007	87	0.007	159	0.135	160	0.368
ACT
ORG
TER
PAG
SEN	5	1

162
DAT
LOC	2	0.018	163	0.05
ACT
ORG
TER
PAG
SEN	35	1

163
DAT
LOC	2	0.007	162	0.05
ACT
ORG
TER
PAG
SEN	1	1

164
DAT
LOC	2	0.05	5	0.007	12	0.135
ACT
ORG
TER
PAG
SEN	50	1