GDL-1890-01-02-a-i0001	0	0	0	0	0	0	35
GDL-1890-01-02-a-i0002	0	0	0	0	0	0	2
GDL-1890-01-02-a-i0004	0	0	0	0	0	0	1
GDL-1890-01-02-a-i0006	0	0	0	0	0	0	1
GDL-1890-01-02-a-i0010	0	0	0	0	0	0	7
GDL-1890-01-02-a-i0011	0	0	0	0	0	0	13
GDL-1890-01-02-a-i0013	0	0	0	0	0	0	6
GDL-1890-01-02-a-i0015	0	0	0	0	0	0	8
GDL-1890-01-02-a-i0016	0	0	0	0	0	0	9
GDL-1890-01-02-a-i0017	0	0	0	0	0	0	4
GDL-1890-01-02-a-i0018	0	0	0	0	0	0	3
GDL-1890-01-02-a-i0019	0	0	0	0	0	0	3
GDL-1890-01-03-a-i0001	0	0	0	0	0	0	32
GDL-1890-01-03-a-i0003	0	0	0	0	0	0	1
GDL-1890-01-03-a-i0005	0	0	0	0	0	0	1
GDL-1890-01-03-a-i0008	0	0	0	0	0	0	28
GDL-1890-01-03-a-i0009	0	0	0	0	0	0	2
GDL-1890-01-03-a-i0011	0	0	0	0	0	0	5
GDL-1890-01-03-a-i0013	0	0	0	0	0	0	3
GDL-1890-01-03-a-i0014	0	0	0	0	0	0	1
GDL-1890-01-03-a-i0015	0	0	0	0	0	0	1
GDL-1890-01-03-a-i0016	0	0	0	0	0	0	4
GDL-1890-01-03-a-i0017	0	0	0	0	0	0	8
GDL-1890-01-03-a-i0018	0	0	0	0	0	0	1
GDL-1890-01-03-a-i0019	0	0	0	0	0	0	1
GDL-1890-01-03-a-i0020	0	0	0	0	0	0	1
GDL-1890-01-03-a-i0021	0	0	0	0	0	0	2
GDL-1890-01-03-a-i0022	0	0	0	0	0	0	3
GDL-1890-01-03-a-i0023	0	0	0	0	0	0	5
GDL-1890-01-03-a-i0024	0	0	0	0	0	0	5
GDL-1890-01-04-a-i0001	0	0	0	0	0	0	8
GDL-1890-01-04-a-i0002	0	0	0	0	0	0	41
GDL-1890-01-04-a-i0003	0	0	0	0	0	0	5
GDL-1890-01-04-a-i0005	0	0	0	0	0	0	1
GDL-1890-01-04-a-i0007	0	0	0	0	0	0	1
GDL-1890-01-04-a-i0009	0	0	0	0	0	0	4
GDL-1890-01-04-a-i0011	0	0	0	0	0	0	4
GDL-1890-01-04-a-i0012	0	0	0	0	0	0	5
GDL-1890-01-04-a-i0013	0	0	0	0	0	0	1
GDL-1890-01-04-a-i0014	0	0	0	0	0	0	17
GDL-1890-01-04-a-i0017	0	0	0	0	0	0	13
GDL-1890-01-04-a-i0019	0	0	0	0	0	0	5
GDL-1890-01-04-a-i0020	0	0	0	0	0	0	1
GDL-1890-01-04-a-i0021	0	0	0	0	0	0	3
GDL-1890-01-04-a-i0022	0	0	0	0	0	0	1
GDL-1890-01-04-a-i0023	0	0	0	0	0	0	1
GDL-1890-01-04-a-i0024	0	0	0	0	0	0	5
GDL-1890-01-04-a-i0025	0	0	0	0	0	0	1
GDL-1890-01-04-a-i0026	0	0	0	0	0	0	3
GDL-1890-01-04-a-i0027	0	0	0	0	0	0	2
GDL-1890-01-04-a-i0028	0	0	0	0	0	0	2
GDL-1890-01-06-a-i0001	0	0	0	0	0	0	10
GDL-1890-01-06-a-i0002	0	0	0	0	0	0	4
GDL-1890-01-06-a-i0003	0	0	0	0	0	0	9
GDL-1890-01-06-a-i0004	0	0	0	0	0	0	10
GDL-1890-01-06-a-i0006	0	0	0	0	0	0	1
GDL-1890-01-06-a-i0008	0	0	0	0	0	0	1
GDL-1890-01-06-a-i0011	0	0	0	0	0	0	6
GDL-1890-01-06-a-i0013	0	0	0	0	0	0	4
GDL-1890-01-06-a-i0014	0	0	0	0	0	0	1
GDL-1890-01-06-a-i0015	0	0	0	0	0	0	12
GDL-1890-01-06-a-i0016	0	0	0	0	0	0	4
GDL-1890-01-06-a-i0017	0	0	0	0	0	0	10
GDL-1890-01-06-a-i0019	0	0	0	0	0	0	5
GDL-1890-01-06-a-i0021	0	0	0	0	0	0	1
GDL-1890-01-06-a-i0024	0	0	0	0	0	0	2
GDL-1890-01-06-a-i0025	0	0	0	0	0	0	3
GDL-1890-01-06-a-i0026	0	0	0	0	0	0	3
GDL-1890-01-06-a-i0027	0	0	0	0	0	0	9
GDL-1890-01-07-a-i0001	0	0	0	0	0	0	6
GDL-1890-01-07-a-i0002	0	0	0	0	0	0	8
GDL-1890-01-07-a-i0003	0	0	0	0	0	0	26
GDL-1890-01-07-a-i0005	0	0	0	0	0	0	1
GDL-1890-01-07-a-i0007	0	0	0	0	0	0	1
GDL-1890-01-07-a-i0010	0	0	0	0	0	0	5
GDL-1890-01-07-a-i0011	0	0	0	0	0	0	2
GDL-1890-01-07-a-i0012	0	0	0	0	0	0	1
GDL-1890-01-07-a-i0013	0	0	0	0	0	0	16
GDL-1890-01-07-a-i0014	0	0	0	0	0	0	5
GDL-1890-01-07-a-i0017	0	0	0	0	0	0	6
GDL-1890-01-07-a-i0018	0	0	0	0	0	0	3
GDL-1890-01-07-a-i0021	0	0	0	0	0	0	1
GDL-1890-01-07-a-i0022	0	0	0	0	0	0	3
GDL-1890-01-07-a-i0023	0	0	0	0	0	0	4
GDL-1890-01-07-a-i0024	0	0	0	0	0	0	5
GDL-1890-01-08-a-i0001	0	0	0	0	0	0	14
GDL-1890-01-08-a-i0002	0	0	0	0	0	0	12
GDL-1890-01-08-a-i0003	0	0	0	0	0	0	7
GDL-1890-01-08-a-i0005	0	0	0	0	0	0	1
GDL-1890-01-08-a-i0008	0	0	0	0	0	0	1
